0 1.386100 3.679420 5.323630 
0 5.157630 3.648480 5.354540 
0 9.130710 3.639610 5.094350 
0 13.155400 3.597440 5.211150 
0 1.221730 8.006530 5.222430 
0 5.362130 7.896820 5.134610 
0 9.360210 8.077140 4.959250 
0 13.234940 7.777220 5.031210 
0 1.166380 12.199510 5.190080 
0 5.217090 12.190470 5.235680 
0 9.295780 12.372340 5.141580 
0 13.186810 12.515610 5.291800 
0 1.286050 16.721610 5.281060 
0 5.197370 16.652570 5.103610 
0 9.182210 16.504170 5.252250 
0 13.325850 16.479780 5.178420 
0 3.292910 1.487200 7.761000 
0 7.152570 1.646960 7.698160 
0 11.080190 1.466290 7.593130 
0 15.195920 1.619770 7.649210 
0 3.258630 5.898390 7.677240 
0 7.332870 5.820700 7.531510 
0 11.119150 5.766770 7.440970 
0 15.162190 5.769650 7.665420 
0 3.329490 10.125230 7.619720 
0 7.355660 10.193160 7.593870 
0 11.239300 10.212870 7.493140 
0 15.107930 10.126510 7.612250 
0 3.268000 14.389020 7.475740 
0 7.223370 14.192150 7.434750 
0 11.204400 14.521930 7.626470 
0 15.173890 14.557640 7.734780 
1 1.347020 3.379700 7.832300 
1 5.130650 3.461160 7.819360 
1 9.103870 3.334520 7.658670 
1 13.048250 3.268710 7.712530 
1 1.112780 7.682660 7.819430 
1 5.298770 7.543160 7.582080 
1 9.241810 7.589430 7.501780 
1 13.174720 7.387440 7.544570 
1 1.213610 11.803110 7.738590 
1 5.236470 11.878400 7.766200 
1 9.337980 11.991910 7.593910 
1 13.216310 11.983240 7.706390 
1 1.313190 16.302310 7.798800 
1 5.304230 16.099000 7.583490 
1 9.063430 16.156160 7.745820 
1 13.135040 16.226590 7.825440 
1 3.316350 1.378420 5.170580 
1 7.142110 1.211880 5.199540 
1 11.182610 0.982200 5.065130 
1 15.199790 1.273890 5.184500 
1 3.269100 5.486790 5.136740 
1 7.185000 5.380710 5.027710 
1 11.065770 5.442190 4.913790 
1 15.147690 5.378440 5.211130 
1 3.238680 9.703570 5.111480 
1 7.234800 9.863560 5.077590 
1 11.335800 9.748250 4.956510 
1 15.199500 9.672850 5.044120 
1 3.108130 13.919710 5.019450 
1 7.232370 13.986290 4.882180 
1 11.159110 14.195510 5.073970 
1 15.288660 14.138700 5.217630 
