0 0 3 -15.907204 0.000000 0.000000
0 0 19 -15.907204 0.000000 0.000000
0 0 23 -15.907204 0.000000 0.000000
1 0 35 -15.907204 0.000000 0.000000
1 0 51 -15.907204 0.000000 0.000000
1 0 55 -15.907204 0.000000 0.000000
0 0 12 0.000000 -17.122266 0.000000
1 0 44 0.000000 -17.122266 0.000000
0 0 1 0.000000 0.000000 0.000000
0 0 4 0.000000 0.000000 0.000000
0 0 16 0.000000 0.000000 0.000000
0 0 20 0.000000 0.000000 0.000000
1 0 32 0.000000 0.000000 0.000000
1 0 33 0.000000 0.000000 0.000000
1 0 36 0.000000 0.000000 0.000000
1 0 48 0.000000 0.000000 0.000000
1 0 52 0.000000 0.000000 0.000000
0 1 13 0.000000 -17.122266 0.000000
1 1 45 0.000000 -17.122266 0.000000
0 1 0 0.000000 0.000000 0.000000
0 1 2 0.000000 0.000000 0.000000
0 1 5 0.000000 0.000000 0.000000
0 1 16 0.000000 0.000000 0.000000
0 1 17 0.000000 0.000000 0.000000
0 1 20 0.000000 0.000000 0.000000
0 1 21 0.000000 0.000000 0.000000
1 1 32 0.000000 0.000000 0.000000
1 1 33 0.000000 0.000000 0.000000
1 1 34 0.000000 0.000000 0.000000
1 1 37 0.000000 0.000000 0.000000
1 1 48 0.000000 0.000000 0.000000
1 1 49 0.000000 0.000000 0.000000
1 1 52 0.000000 0.000000 0.000000
1 1 53 0.000000 0.000000 0.000000
0 2 14 0.000000 -17.122266 0.000000
1 2 46 0.000000 -17.122266 0.000000
0 2 1 0.000000 0.000000 0.000000
0 2 3 0.000000 0.000000 0.000000
0 2 6 0.000000 0.000000 0.000000
0 2 17 0.000000 0.000000 0.000000
0 2 18 0.000000 0.000000 0.000000
0 2 21 0.000000 0.000000 0.000000
0 2 22 0.000000 0.000000 0.000000
1 2 33 0.000000 0.000000 0.000000
1 2 34 0.000000 0.000000 0.000000
1 2 35 0.000000 0.000000 0.000000
1 2 38 0.000000 0.000000 0.000000
1 2 49 0.000000 0.000000 0.000000
1 2 50 0.000000 0.000000 0.000000
1 2 53 0.000000 0.000000 0.000000
1 2 54 0.000000 0.000000 0.000000
0 3 15 0.000000 -17.122266 0.000000
1 3 47 0.000000 -17.122266 0.000000
0 3 2 0.000000 0.000000 0.000000
0 3 7 0.000000 0.000000 0.000000
0 3 18 0.000000 0.000000 0.000000
0 3 19 0.000000 0.000000 0.000000
0 3 22 0.000000 0.000000 0.000000
0 3 23 0.000000 0.000000 0.000000
1 3 34 0.000000 0.000000 0.000000
1 3 35 0.000000 0.000000 0.000000
1 3 39 0.000000 0.000000 0.000000
1 3 50 0.000000 0.000000 0.000000
1 3 51 0.000000 0.000000 0.000000
1 3 54 0.000000 0.000000 0.000000
1 3 55 0.000000 0.000000 0.000000
0 3 0 15.907204 0.000000 0.000000
1 3 32 15.907204 0.000000 0.000000
0 4 7 -15.907204 0.000000 0.000000
0 4 23 -15.907204 0.000000 0.000000
0 4 27 -15.907204 0.000000 0.000000
1 4 39 -15.907204 0.000000 0.000000
1 4 55 -15.907204 0.000000 0.000000
1 4 59 -15.907204 0.000000 0.000000
0 4 0 0.000000 0.000000 0.000000
0 4 5 0.000000 0.000000 0.000000
0 4 8 0.000000 0.000000 0.000000
0 4 20 0.000000 0.000000 0.000000
0 4 24 0.000000 0.000000 0.000000
1 4 32 0.000000 0.000000 0.000000
1 4 36 0.000000 0.000000 0.000000
1 4 37 0.000000 0.000000 0.000000
1 4 40 0.000000 0.000000 0.000000
1 4 52 0.000000 0.000000 0.000000
1 4 56 0.000000 0.000000 0.000000
0 5 1 0.000000 0.000000 0.000000
0 5 4 0.000000 0.000000 0.000000
0 5 6 0.000000 0.000000 0.000000
0 5 9 0.000000 0.000000 0.000000
0 5 20 0.000000 0.000000 0.000000
0 5 21 0.000000 0.000000 0.000000
0 5 24 0.000000 0.000000 0.000000
0 5 25 0.000000 0.000000 0.000000
1 5 33 0.000000 0.000000 0.000000
1 5 36 0.000000 0.000000 0.000000
1 5 37 0.000000 0.000000 0.000000
1 5 38 0.000000 0.000000 0.000000
1 5 41 0.000000 0.000000 0.000000
1 5 52 0.000000 0.000000 0.000000
1 5 53 0.000000 0.000000 0.000000
1 5 56 0.000000 0.000000 0.000000
1 5 57 0.000000 0.000000 0.000000
0 6 2 0.000000 0.000000 0.000000
0 6 5 0.000000 0.000000 0.000000
0 6 7 0.000000 0.000000 0.000000
0 6 10 0.000000 0.000000 0.000000
0 6 21 0.000000 0.000000 0.000000
0 6 22 0.000000 0.000000 0.000000
0 6 25 0.000000 0.000000 0.000000
0 6 26 0.000000 0.000000 0.000000
1 6 34 0.000000 0.000000 0.000000
1 6 37 0.000000 0.000000 0.000000
1 6 38 0.000000 0.000000 0.000000
1 6 39 0.000000 0.000000 0.000000
1 6 42 0.000000 0.000000 0.000000
1 6 53 0.000000 0.000000 0.000000
1 6 54 0.000000 0.000000 0.000000
1 6 57 0.000000 0.000000 0.000000
1 6 58 0.000000 0.000000 0.000000
0 7 3 0.000000 0.000000 0.000000
0 7 6 0.000000 0.000000 0.000000
0 7 11 0.000000 0.000000 0.000000
0 7 22 0.000000 0.000000 0.000000
0 7 23 0.000000 0.000000 0.000000
0 7 26 0.000000 0.000000 0.000000
0 7 27 0.000000 0.000000 0.000000
1 7 35 0.000000 0.000000 0.000000
1 7 38 0.000000 0.000000 0.000000
1 7 39 0.000000 0.000000 0.000000
1 7 43 0.000000 0.000000 0.000000
1 7 54 0.000000 0.000000 0.000000
1 7 55 0.000000 0.000000 0.000000
1 7 58 0.000000 0.000000 0.000000
1 7 59 0.000000 0.000000 0.000000
0 7 4 15.907204 0.000000 0.000000
1 7 36 15.907204 0.000000 0.000000
0 8 11 -15.907204 0.000000 0.000000
0 8 27 -15.907204 0.000000 0.000000
0 8 31 -15.907204 0.000000 0.000000
1 8 43 -15.907204 0.000000 0.000000
1 8 59 -15.907204 0.000000 0.000000
1 8 63 -15.907204 0.000000 0.000000
0 8 4 0.000000 0.000000 0.000000
0 8 9 0.000000 0.000000 0.000000
0 8 12 0.000000 0.000000 0.000000
0 8 24 0.000000 0.000000 0.000000
0 8 28 0.000000 0.000000 0.000000
1 8 36 0.000000 0.000000 0.000000
1 8 40 0.000000 0.000000 0.000000
1 8 41 0.000000 0.000000 0.000000
1 8 44 0.000000 0.000000 0.000000
1 8 56 0.000000 0.000000 0.000000
1 8 60 0.000000 0.000000 0.000000
0 9 5 0.000000 0.000000 0.000000
0 9 8 0.000000 0.000000 0.000000
0 9 10 0.000000 0.000000 0.000000
0 9 13 0.000000 0.000000 0.000000
0 9 24 0.000000 0.000000 0.000000
0 9 25 0.000000 0.000000 0.000000
0 9 28 0.000000 0.000000 0.000000
0 9 29 0.000000 0.000000 0.000000
1 9 37 0.000000 0.000000 0.000000
1 9 40 0.000000 0.000000 0.000000
1 9 41 0.000000 0.000000 0.000000
1 9 42 0.000000 0.000000 0.000000
1 9 45 0.000000 0.000000 0.000000
1 9 56 0.000000 0.000000 0.000000
1 9 57 0.000000 0.000000 0.000000
1 9 60 0.000000 0.000000 0.000000
1 9 61 0.000000 0.000000 0.000000
0 10 6 0.000000 0.000000 0.000000
0 10 9 0.000000 0.000000 0.000000
0 10 11 0.000000 0.000000 0.000000
0 10 14 0.000000 0.000000 0.000000
0 10 25 0.000000 0.000000 0.000000
0 10 26 0.000000 0.000000 0.000000
0 10 29 0.000000 0.000000 0.000000
0 10 30 0.000000 0.000000 0.000000
1 10 38 0.000000 0.000000 0.000000
1 10 41 0.000000 0.000000 0.000000
1 10 42 0.000000 0.000000 0.000000
1 10 43 0.000000 0.000000 0.000000
1 10 46 0.000000 0.000000 0.000000
1 10 57 0.000000 0.000000 0.000000
1 10 58 0.000000 0.000000 0.000000
1 10 61 0.000000 0.000000 0.000000
1 10 62 0.000000 0.000000 0.000000
0 11 7 0.000000 0.000000 0.000000
0 11 10 0.000000 0.000000 0.000000
0 11 15 0.000000 0.000000 0.000000
0 11 26 0.000000 0.000000 0.000000
0 11 27 0.000000 0.000000 0.000000
0 11 30 0.000000 0.000000 0.000000
0 11 31 0.000000 0.000000 0.000000
1 11 42 0.000000 0.000000 0.000000
1 11 43 0.000000 0.000000 0.000000
1 11 47 0.000000 0.000000 0.000000
1 11 58 0.000000 0.000000 0.000000
1 11 59 0.000000 0.000000 0.000000
1 11 62 0.000000 0.000000 0.000000
1 11 63 0.000000 0.000000 0.000000
0 11 8 15.907204 0.000000 0.000000
1 11 40 15.907204 0.000000 0.000000
0 12 15 -15.907204 0.000000 0.000000
0 12 31 -15.907204 0.000000 0.000000
1 12 47 -15.907204 0.000000 0.000000
1 12 63 -15.907204 0.000000 0.000000
0 12 19 -15.907204 17.122266 0.000000
1 12 51 -15.907204 17.122266 0.000000
0 12 8 0.000000 0.000000 0.000000
0 12 13 0.000000 0.000000 0.000000
0 12 28 0.000000 0.000000 0.000000
1 12 40 0.000000 0.000000 0.000000
1 12 44 0.000000 0.000000 0.000000
1 12 45 0.000000 0.000000 0.000000
1 12 60 0.000000 0.000000 0.000000
0 12 0 0.000000 17.122266 0.000000
0 12 16 0.000000 17.122266 0.000000
1 12 32 0.000000 17.122266 0.000000
1 12 48 0.000000 17.122266 0.000000
0 13 9 0.000000 0.000000 0.000000
0 13 12 0.000000 0.000000 0.000000
0 13 14 0.000000 0.000000 0.000000
0 13 28 0.000000 0.000000 0.000000
0 13 29 0.000000 0.000000 0.000000
1 13 41 0.000000 0.000000 0.000000
1 13 44 0.000000 0.000000 0.000000
1 13 45 0.000000 0.000000 0.000000
1 13 46 0.000000 0.000000 0.000000
1 13 60 0.000000 0.000000 0.000000
1 13 61 0.000000 0.000000 0.000000
0 13 1 0.000000 17.122266 0.000000
0 13 16 0.000000 17.122266 0.000000
0 13 17 0.000000 17.122266 0.000000
1 13 33 0.000000 17.122266 0.000000
1 13 48 0.000000 17.122266 0.000000
1 13 49 0.000000 17.122266 0.000000
0 14 10 0.000000 0.000000 0.000000
0 14 13 0.000000 0.000000 0.000000
0 14 15 0.000000 0.000000 0.000000
0 14 29 0.000000 0.000000 0.000000
0 14 30 0.000000 0.000000 0.000000
1 14 42 0.000000 0.000000 0.000000
1 14 45 0.000000 0.000000 0.000000
1 14 46 0.000000 0.000000 0.000000
1 14 47 0.000000 0.000000 0.000000
1 14 61 0.000000 0.000000 0.000000
1 14 62 0.000000 0.000000 0.000000
0 14 2 0.000000 17.122266 0.000000
0 14 17 0.000000 17.122266 0.000000
0 14 18 0.000000 17.122266 0.000000
1 14 34 0.000000 17.122266 0.000000
1 14 49 0.000000 17.122266 0.000000
1 14 50 0.000000 17.122266 0.000000
0 15 11 0.000000 0.000000 0.000000
0 15 14 0.000000 0.000000 0.000000
0 15 30 0.000000 0.000000 0.000000
0 15 31 0.000000 0.000000 0.000000
1 15 43 0.000000 0.000000 0.000000
1 15 46 0.000000 0.000000 0.000000
1 15 47 0.000000 0.000000 0.000000
1 15 62 0.000000 0.000000 0.000000
1 15 63 0.000000 0.000000 0.000000
0 15 3 0.000000 17.122266 0.000000
0 15 18 0.000000 17.122266 0.000000
0 15 19 0.000000 17.122266 0.000000
1 15 35 0.000000 17.122266 0.000000
1 15 50 0.000000 17.122266 0.000000
1 15 51 0.000000 17.122266 0.000000
0 15 12 15.907204 0.000000 0.000000
1 15 44 15.907204 0.000000 0.000000
0 16 19 -15.907204 0.000000 0.000000
1 16 51 -15.907204 0.000000 0.000000
0 16 12 0.000000 -17.122266 0.000000
0 16 13 0.000000 -17.122266 0.000000
0 16 28 0.000000 -17.122266 0.000000
1 16 44 0.000000 -17.122266 0.000000
1 16 45 0.000000 -17.122266 0.000000
1 16 60 0.000000 -17.122266 0.000000
0 16 0 0.000000 0.000000 0.000000
0 16 1 0.000000 0.000000 0.000000
0 16 17 0.000000 0.000000 0.000000
0 16 20 0.000000 0.000000 0.000000
1 16 32 0.000000 0.000000 0.000000
1 16 33 0.000000 0.000000 0.000000
1 16 48 0.000000 0.000000 0.000000
1 16 49 0.000000 0.000000 0.000000
1 16 52 0.000000 0.000000 0.000000
0 17 13 0.000000 -17.122266 0.000000
0 17 14 0.000000 -17.122266 0.000000
0 17 29 0.000000 -17.122266 0.000000
1 17 45 0.000000 -17.122266 0.000000
1 17 46 0.000000 -17.122266 0.000000
0 17 1 0.000000 0.000000 0.000000
0 17 2 0.000000 0.000000 0.000000
0 17 16 0.000000 0.000000 0.000000
0 17 18 0.000000 0.000000 0.000000
0 17 21 0.000000 0.000000 0.000000
1 17 33 0.000000 0.000000 0.000000
1 17 34 0.000000 0.000000 0.000000
1 17 48 0.000000 0.000000 0.000000
1 17 49 0.000000 0.000000 0.000000
1 17 50 0.000000 0.000000 0.000000
1 17 53 0.000000 0.000000 0.000000
0 18 14 0.000000 -17.122266 0.000000
0 18 15 0.000000 -17.122266 0.000000
0 18 30 0.000000 -17.122266 0.000000
1 18 46 0.000000 -17.122266 0.000000
1 18 47 0.000000 -17.122266 0.000000
1 18 62 0.000000 -17.122266 0.000000
0 18 2 0.000000 0.000000 0.000000
0 18 3 0.000000 0.000000 0.000000
0 18 17 0.000000 0.000000 0.000000
0 18 19 0.000000 0.000000 0.000000
0 18 22 0.000000 0.000000 0.000000
1 18 34 0.000000 0.000000 0.000000
1 18 35 0.000000 0.000000 0.000000
1 18 49 0.000000 0.000000 0.000000
1 18 50 0.000000 0.000000 0.000000
1 18 51 0.000000 0.000000 0.000000
1 18 54 0.000000 0.000000 0.000000
0 19 15 0.000000 -17.122266 0.000000
0 19 31 0.000000 -17.122266 0.000000
1 19 47 0.000000 -17.122266 0.000000
1 19 63 0.000000 -17.122266 0.000000
0 19 3 0.000000 0.000000 0.000000
0 19 18 0.000000 0.000000 0.000000
0 19 23 0.000000 0.000000 0.000000
1 19 35 0.000000 0.000000 0.000000
1 19 50 0.000000 0.000000 0.000000
1 19 51 0.000000 0.000000 0.000000
1 19 55 0.000000 0.000000 0.000000
0 19 12 15.907204 -17.122266 0.000000
1 19 44 15.907204 -17.122266 0.000000
0 19 0 15.907204 0.000000 0.000000
0 19 16 15.907204 0.000000 0.000000
1 19 32 15.907204 0.000000 0.000000
1 19 48 15.907204 0.000000 0.000000
0 20 23 -15.907204 0.000000 0.000000
1 20 55 -15.907204 0.000000 0.000000
0 20 0 0.000000 0.000000 0.000000
0 20 1 0.000000 0.000000 0.000000
0 20 4 0.000000 0.000000 0.000000
0 20 5 0.000000 0.000000 0.000000
0 20 16 0.000000 0.000000 0.000000
0 20 21 0.000000 0.000000 0.000000
0 20 24 0.000000 0.000000 0.000000
1 20 32 0.000000 0.000000 0.000000
1 20 33 0.000000 0.000000 0.000000
1 20 36 0.000000 0.000000 0.000000
1 20 37 0.000000 0.000000 0.000000
1 20 48 0.000000 0.000000 0.000000
1 20 52 0.000000 0.000000 0.000000
1 20 53 0.000000 0.000000 0.000000
1 20 56 0.000000 0.000000 0.000000
0 21 1 0.000000 0.000000 0.000000
0 21 2 0.000000 0.000000 0.000000
0 21 5 0.000000 0.000000 0.000000
0 21 6 0.000000 0.000000 0.000000
0 21 17 0.000000 0.000000 0.000000
0 21 20 0.000000 0.000000 0.000000
0 21 22 0.000000 0.000000 0.000000
0 21 25 0.000000 0.000000 0.000000
1 21 33 0.000000 0.000000 0.000000
1 21 34 0.000000 0.000000 0.000000
1 21 37 0.000000 0.000000 0.000000
1 21 38 0.000000 0.000000 0.000000
1 21 49 0.000000 0.000000 0.000000
1 21 52 0.000000 0.000000 0.000000
1 21 53 0.000000 0.000000 0.000000
1 21 54 0.000000 0.000000 0.000000
1 21 57 0.000000 0.000000 0.000000
0 22 2 0.000000 0.000000 0.000000
0 22 3 0.000000 0.000000 0.000000
0 22 6 0.000000 0.000000 0.000000
0 22 7 0.000000 0.000000 0.000000
0 22 18 0.000000 0.000000 0.000000
0 22 21 0.000000 0.000000 0.000000
0 22 23 0.000000 0.000000 0.000000
0 22 26 0.000000 0.000000 0.000000
1 22 34 0.000000 0.000000 0.000000
1 22 35 0.000000 0.000000 0.000000
1 22 38 0.000000 0.000000 0.000000
1 22 39 0.000000 0.000000 0.000000
1 22 50 0.000000 0.000000 0.000000
1 22 53 0.000000 0.000000 0.000000
1 22 54 0.000000 0.000000 0.000000
1 22 55 0.000000 0.000000 0.000000
1 22 58 0.000000 0.000000 0.000000
0 23 3 0.000000 0.000000 0.000000
0 23 7 0.000000 0.000000 0.000000
0 23 19 0.000000 0.000000 0.000000
0 23 22 0.000000 0.000000 0.000000
0 23 27 0.000000 0.000000 0.000000
1 23 35 0.000000 0.000000 0.000000
1 23 39 0.000000 0.000000 0.000000
1 23 51 0.000000 0.000000 0.000000
1 23 54 0.000000 0.000000 0.000000
1 23 55 0.000000 0.000000 0.000000
1 23 59 0.000000 0.000000 0.000000
0 23 0 15.907204 0.000000 0.000000
0 23 4 15.907204 0.000000 0.000000
0 23 20 15.907204 0.000000 0.000000
1 23 32 15.907204 0.000000 0.000000
1 23 36 15.907204 0.000000 0.000000
1 23 52 15.907204 0.000000 0.000000
0 24 27 -15.907204 0.000000 0.000000
1 24 59 -15.907204 0.000000 0.000000
0 24 4 0.000000 0.000000 0.000000
0 24 5 0.000000 0.000000 0.000000
0 24 8 0.000000 0.000000 0.000000
0 24 9 0.000000 0.000000 0.000000
0 24 20 0.000000 0.000000 0.000000
0 24 25 0.000000 0.000000 0.000000
0 24 28 0.000000 0.000000 0.000000
1 24 36 0.000000 0.000000 0.000000
1 24 37 0.000000 0.000000 0.000000
1 24 40 0.000000 0.000000 0.000000
1 24 41 0.000000 0.000000 0.000000
1 24 52 0.000000 0.000000 0.000000
1 24 56 0.000000 0.000000 0.000000
1 24 57 0.000000 0.000000 0.000000
1 24 60 0.000000 0.000000 0.000000
0 25 5 0.000000 0.000000 0.000000
0 25 6 0.000000 0.000000 0.000000
0 25 9 0.000000 0.000000 0.000000
0 25 10 0.000000 0.000000 0.000000
0 25 21 0.000000 0.000000 0.000000
0 25 24 0.000000 0.000000 0.000000
0 25 26 0.000000 0.000000 0.000000
0 25 29 0.000000 0.000000 0.000000
1 25 37 0.000000 0.000000 0.000000
1 25 38 0.000000 0.000000 0.000000
1 25 41 0.000000 0.000000 0.000000
1 25 42 0.000000 0.000000 0.000000
1 25 53 0.000000 0.000000 0.000000
1 25 56 0.000000 0.000000 0.000000
1 25 57 0.000000 0.000000 0.000000
1 25 58 0.000000 0.000000 0.000000
1 25 61 0.000000 0.000000 0.000000
0 26 6 0.000000 0.000000 0.000000
0 26 7 0.000000 0.000000 0.000000
0 26 10 0.000000 0.000000 0.000000
0 26 11 0.000000 0.000000 0.000000
0 26 22 0.000000 0.000000 0.000000
0 26 25 0.000000 0.000000 0.000000
0 26 27 0.000000 0.000000 0.000000
0 26 30 0.000000 0.000000 0.000000
1 26 38 0.000000 0.000000 0.000000
1 26 39 0.000000 0.000000 0.000000
1 26 42 0.000000 0.000000 0.000000
1 26 43 0.000000 0.000000 0.000000
1 26 54 0.000000 0.000000 0.000000
1 26 57 0.000000 0.000000 0.000000
1 26 58 0.000000 0.000000 0.000000
1 26 59 0.000000 0.000000 0.000000
1 26 62 0.000000 0.000000 0.000000
0 27 7 0.000000 0.000000 0.000000
0 27 11 0.000000 0.000000 0.000000
0 27 23 0.000000 0.000000 0.000000
0 27 26 0.000000 0.000000 0.000000
0 27 31 0.000000 0.000000 0.000000
1 27 39 0.000000 0.000000 0.000000
1 27 43 0.000000 0.000000 0.000000
1 27 55 0.000000 0.000000 0.000000
1 27 58 0.000000 0.000000 0.000000
1 27 59 0.000000 0.000000 0.000000
1 27 63 0.000000 0.000000 0.000000
0 27 4 15.907204 0.000000 0.000000
0 27 8 15.907204 0.000000 0.000000
0 27 24 15.907204 0.000000 0.000000
1 27 36 15.907204 0.000000 0.000000
1 27 40 15.907204 0.000000 0.000000
1 27 56 15.907204 0.000000 0.000000
0 28 31 -15.907204 0.000000 0.000000
1 28 63 -15.907204 0.000000 0.000000
0 28 8 0.000000 0.000000 0.000000
0 28 9 0.000000 0.000000 0.000000
0 28 12 0.000000 0.000000 0.000000
0 28 13 0.000000 0.000000 0.000000
0 28 24 0.000000 0.000000 0.000000
0 28 29 0.000000 0.000000 0.000000
1 28 40 0.000000 0.000000 0.000000
1 28 41 0.000000 0.000000 0.000000
1 28 44 0.000000 0.000000 0.000000
1 28 45 0.000000 0.000000 0.000000
1 28 56 0.000000 0.000000 0.000000
1 28 60 0.000000 0.000000 0.000000
1 28 61 0.000000 0.000000 0.000000
0 28 16 0.000000 17.122266 0.000000
1 28 48 0.000000 17.122266 0.000000
0 29 9 0.000000 0.000000 0.000000
0 29 10 0.000000 0.000000 0.000000
0 29 13 0.000000 0.000000 0.000000
0 29 14 0.000000 0.000000 0.000000
0 29 25 0.000000 0.000000 0.000000
0 29 28 0.000000 0.000000 0.000000
0 29 30 0.000000 0.000000 0.000000
1 29 41 0.000000 0.000000 0.000000
1 29 42 0.000000 0.000000 0.000000
1 29 45 0.000000 0.000000 0.000000
1 29 46 0.000000 0.000000 0.000000
1 29 57 0.000000 0.000000 0.000000
1 29 60 0.000000 0.000000 0.000000
1 29 61 0.000000 0.000000 0.000000
1 29 62 0.000000 0.000000 0.000000
0 29 17 0.000000 17.122266 0.000000
1 29 49 0.000000 17.122266 0.000000
0 30 10 0.000000 0.000000 0.000000
0 30 11 0.000000 0.000000 0.000000
0 30 14 0.000000 0.000000 0.000000
0 30 15 0.000000 0.000000 0.000000
0 30 26 0.000000 0.000000 0.000000
0 30 29 0.000000 0.000000 0.000000
0 30 31 0.000000 0.000000 0.000000
1 30 42 0.000000 0.000000 0.000000
1 30 43 0.000000 0.000000 0.000000
1 30 46 0.000000 0.000000 0.000000
1 30 47 0.000000 0.000000 0.000000
1 30 58 0.000000 0.000000 0.000000
1 30 61 0.000000 0.000000 0.000000
1 30 62 0.000000 0.000000 0.000000
1 30 63 0.000000 0.000000 0.000000
0 30 18 0.000000 17.122266 0.000000
1 30 50 0.000000 17.122266 0.000000
0 31 11 0.000000 0.000000 0.000000
0 31 15 0.000000 0.000000 0.000000
0 31 27 0.000000 0.000000 0.000000
0 31 30 0.000000 0.000000 0.000000
1 31 43 0.000000 0.000000 0.000000
1 31 47 0.000000 0.000000 0.000000
1 31 62 0.000000 0.000000 0.000000
1 31 63 0.000000 0.000000 0.000000
0 31 19 0.000000 17.122266 0.000000
1 31 51 0.000000 17.122266 0.000000
0 31 8 15.907204 0.000000 0.000000
0 31 12 15.907204 0.000000 0.000000
0 31 28 15.907204 0.000000 0.000000
1 31 40 15.907204 0.000000 0.000000
1 31 44 15.907204 0.000000 0.000000
1 31 60 15.907204 0.000000 0.000000
1 32 3 -15.907204 0.000000 0.000000
1 32 19 -15.907204 0.000000 0.000000
1 32 23 -15.907204 0.000000 0.000000
2 32 35 -15.907204 0.000000 0.000000
2 32 51 -15.907204 0.000000 0.000000
2 32 55 -15.907204 0.000000 0.000000
1 32 12 0.000000 -17.122266 0.000000
2 32 44 0.000000 -17.122266 0.000000
1 32 0 0.000000 0.000000 0.000000
1 32 1 0.000000 0.000000 0.000000
1 32 4 0.000000 0.000000 0.000000
1 32 16 0.000000 0.000000 0.000000
1 32 20 0.000000 0.000000 0.000000
2 32 33 0.000000 0.000000 0.000000
2 32 36 0.000000 0.000000 0.000000
2 32 48 0.000000 0.000000 0.000000
2 32 52 0.000000 0.000000 0.000000
1 33 13 0.000000 -17.122266 0.000000
2 33 45 0.000000 -17.122266 0.000000
1 33 0 0.000000 0.000000 0.000000
1 33 1 0.000000 0.000000 0.000000
1 33 2 0.000000 0.000000 0.000000
1 33 5 0.000000 0.000000 0.000000
1 33 16 0.000000 0.000000 0.000000
1 33 17 0.000000 0.000000 0.000000
1 33 20 0.000000 0.000000 0.000000
1 33 21 0.000000 0.000000 0.000000
2 33 32 0.000000 0.000000 0.000000
2 33 34 0.000000 0.000000 0.000000
2 33 37 0.000000 0.000000 0.000000
2 33 48 0.000000 0.000000 0.000000
2 33 49 0.000000 0.000000 0.000000
2 33 52 0.000000 0.000000 0.000000
2 33 53 0.000000 0.000000 0.000000
1 34 14 0.000000 -17.122266 0.000000
2 34 46 0.000000 -17.122266 0.000000
1 34 1 0.000000 0.000000 0.000000
1 34 2 0.000000 0.000000 0.000000
1 34 3 0.000000 0.000000 0.000000
1 34 6 0.000000 0.000000 0.000000
1 34 17 0.000000 0.000000 0.000000
1 34 18 0.000000 0.000000 0.000000
1 34 21 0.000000 0.000000 0.000000
1 34 22 0.000000 0.000000 0.000000
2 34 33 0.000000 0.000000 0.000000
2 34 35 0.000000 0.000000 0.000000
2 34 38 0.000000 0.000000 0.000000
2 34 49 0.000000 0.000000 0.000000
2 34 50 0.000000 0.000000 0.000000
2 34 53 0.000000 0.000000 0.000000
2 34 54 0.000000 0.000000 0.000000
1 35 15 0.000000 -17.122266 0.000000
2 35 47 0.000000 -17.122266 0.000000
1 35 2 0.000000 0.000000 0.000000
1 35 3 0.000000 0.000000 0.000000
1 35 7 0.000000 0.000000 0.000000
1 35 18 0.000000 0.000000 0.000000
1 35 19 0.000000 0.000000 0.000000
1 35 22 0.000000 0.000000 0.000000
1 35 23 0.000000 0.000000 0.000000
2 35 34 0.000000 0.000000 0.000000
2 35 39 0.000000 0.000000 0.000000
2 35 50 0.000000 0.000000 0.000000
2 35 51 0.000000 0.000000 0.000000
2 35 54 0.000000 0.000000 0.000000
2 35 55 0.000000 0.000000 0.000000
1 35 0 15.907204 0.000000 0.000000
2 35 32 15.907204 0.000000 0.000000
1 36 7 -15.907204 0.000000 0.000000
1 36 23 -15.907204 0.000000 0.000000
1 36 27 -15.907204 0.000000 0.000000
2 36 39 -15.907204 0.000000 0.000000
2 36 55 -15.907204 0.000000 0.000000
2 36 59 -15.907204 0.000000 0.000000
1 36 0 0.000000 0.000000 0.000000
1 36 4 0.000000 0.000000 0.000000
1 36 5 0.000000 0.000000 0.000000
1 36 8 0.000000 0.000000 0.000000
1 36 20 0.000000 0.000000 0.000000
1 36 24 0.000000 0.000000 0.000000
2 36 32 0.000000 0.000000 0.000000
2 36 37 0.000000 0.000000 0.000000
2 36 40 0.000000 0.000000 0.000000
2 36 52 0.000000 0.000000 0.000000
2 36 56 0.000000 0.000000 0.000000
1 37 1 0.000000 0.000000 0.000000
1 37 4 0.000000 0.000000 0.000000
1 37 5 0.000000 0.000000 0.000000
1 37 6 0.000000 0.000000 0.000000
1 37 9 0.000000 0.000000 0.000000
1 37 20 0.000000 0.000000 0.000000
1 37 21 0.000000 0.000000 0.000000
1 37 24 0.000000 0.000000 0.000000
1 37 25 0.000000 0.000000 0.000000
2 37 33 0.000000 0.000000 0.000000
2 37 36 0.000000 0.000000 0.000000
2 37 38 0.000000 0.000000 0.000000
2 37 41 0.000000 0.000000 0.000000
2 37 52 0.000000 0.000000 0.000000
2 37 53 0.000000 0.000000 0.000000
2 37 56 0.000000 0.000000 0.000000
2 37 57 0.000000 0.000000 0.000000
1 38 2 0.000000 0.000000 0.000000
1 38 5 0.000000 0.000000 0.000000
1 38 6 0.000000 0.000000 0.000000
1 38 7 0.000000 0.000000 0.000000
1 38 10 0.000000 0.000000 0.000000
1 38 21 0.000000 0.000000 0.000000
1 38 22 0.000000 0.000000 0.000000
1 38 25 0.000000 0.000000 0.000000
1 38 26 0.000000 0.000000 0.000000
2 38 34 0.000000 0.000000 0.000000
2 38 37 0.000000 0.000000 0.000000
2 38 39 0.000000 0.000000 0.000000
2 38 42 0.000000 0.000000 0.000000
2 38 53 0.000000 0.000000 0.000000
2 38 54 0.000000 0.000000 0.000000
2 38 57 0.000000 0.000000 0.000000
2 38 58 0.000000 0.000000 0.000000
1 39 3 0.000000 0.000000 0.000000
1 39 6 0.000000 0.000000 0.000000
1 39 7 0.000000 0.000000 0.000000
1 39 22 0.000000 0.000000 0.000000
1 39 23 0.000000 0.000000 0.000000
1 39 26 0.000000 0.000000 0.000000
1 39 27 0.000000 0.000000 0.000000
2 39 35 0.000000 0.000000 0.000000
2 39 38 0.000000 0.000000 0.000000
2 39 43 0.000000 0.000000 0.000000
2 39 54 0.000000 0.000000 0.000000
2 39 55 0.000000 0.000000 0.000000
2 39 58 0.000000 0.000000 0.000000
2 39 59 0.000000 0.000000 0.000000
1 39 4 15.907204 0.000000 0.000000
2 39 36 15.907204 0.000000 0.000000
1 40 11 -15.907204 0.000000 0.000000
1 40 27 -15.907204 0.000000 0.000000
1 40 31 -15.907204 0.000000 0.000000
2 40 43 -15.907204 0.000000 0.000000
2 40 59 -15.907204 0.000000 0.000000
2 40 63 -15.907204 0.000000 0.000000
1 40 4 0.000000 0.000000 0.000000
1 40 8 0.000000 0.000000 0.000000
1 40 9 0.000000 0.000000 0.000000
1 40 12 0.000000 0.000000 0.000000
1 40 24 0.000000 0.000000 0.000000
1 40 28 0.000000 0.000000 0.000000
2 40 36 0.000000 0.000000 0.000000
2 40 41 0.000000 0.000000 0.000000
2 40 44 0.000000 0.000000 0.000000
2 40 56 0.000000 0.000000 0.000000
2 40 60 0.000000 0.000000 0.000000
1 41 5 0.000000 0.000000 0.000000
1 41 8 0.000000 0.000000 0.000000
1 41 9 0.000000 0.000000 0.000000
1 41 10 0.000000 0.000000 0.000000
1 41 13 0.000000 0.000000 0.000000
1 41 24 0.000000 0.000000 0.000000
1 41 25 0.000000 0.000000 0.000000
1 41 28 0.000000 0.000000 0.000000
1 41 29 0.000000 0.000000 0.000000
2 41 37 0.000000 0.000000 0.000000
2 41 40 0.000000 0.000000 0.000000
2 41 42 0.000000 0.000000 0.000000
2 41 45 0.000000 0.000000 0.000000
2 41 56 0.000000 0.000000 0.000000
2 41 57 0.000000 0.000000 0.000000
2 41 60 0.000000 0.000000 0.000000
2 41 61 0.000000 0.000000 0.000000
1 42 6 0.000000 0.000000 0.000000
1 42 9 0.000000 0.000000 0.000000
1 42 10 0.000000 0.000000 0.000000
1 42 11 0.000000 0.000000 0.000000
1 42 14 0.000000 0.000000 0.000000
1 42 25 0.000000 0.000000 0.000000
1 42 26 0.000000 0.000000 0.000000
1 42 29 0.000000 0.000000 0.000000
1 42 30 0.000000 0.000000 0.000000
2 42 38 0.000000 0.000000 0.000000
2 42 41 0.000000 0.000000 0.000000
2 42 43 0.000000 0.000000 0.000000
2 42 46 0.000000 0.000000 0.000000
2 42 57 0.000000 0.000000 0.000000
2 42 58 0.000000 0.000000 0.000000
2 42 61 0.000000 0.000000 0.000000
2 42 62 0.000000 0.000000 0.000000
1 43 7 0.000000 0.000000 0.000000
1 43 10 0.000000 0.000000 0.000000
1 43 11 0.000000 0.000000 0.000000
1 43 15 0.000000 0.000000 0.000000
1 43 26 0.000000 0.000000 0.000000
1 43 27 0.000000 0.000000 0.000000
1 43 30 0.000000 0.000000 0.000000
1 43 31 0.000000 0.000000 0.000000
2 43 39 0.000000 0.000000 0.000000
2 43 42 0.000000 0.000000 0.000000
2 43 47 0.000000 0.000000 0.000000
2 43 58 0.000000 0.000000 0.000000
2 43 59 0.000000 0.000000 0.000000
2 43 62 0.000000 0.000000 0.000000
2 43 63 0.000000 0.000000 0.000000
1 43 8 15.907204 0.000000 0.000000
2 43 40 15.907204 0.000000 0.000000
1 44 15 -15.907204 0.000000 0.000000
1 44 31 -15.907204 0.000000 0.000000
2 44 47 -15.907204 0.000000 0.000000
2 44 63 -15.907204 0.000000 0.000000
1 44 19 -15.907204 17.122266 0.000000
2 44 51 -15.907204 17.122266 0.000000
1 44 8 0.000000 0.000000 0.000000
1 44 12 0.000000 0.000000 0.000000
1 44 13 0.000000 0.000000 0.000000
1 44 28 0.000000 0.000000 0.000000
2 44 40 0.000000 0.000000 0.000000
2 44 45 0.000000 0.000000 0.000000
2 44 60 0.000000 0.000000 0.000000
1 44 0 0.000000 17.122266 0.000000
1 44 16 0.000000 17.122266 0.000000
2 44 32 0.000000 17.122266 0.000000
2 44 48 0.000000 17.122266 0.000000
1 45 9 0.000000 0.000000 0.000000
1 45 12 0.000000 0.000000 0.000000
1 45 13 0.000000 0.000000 0.000000
1 45 14 0.000000 0.000000 0.000000
1 45 28 0.000000 0.000000 0.000000
1 45 29 0.000000 0.000000 0.000000
2 45 41 0.000000 0.000000 0.000000
2 45 44 0.000000 0.000000 0.000000
2 45 46 0.000000 0.000000 0.000000
2 45 60 0.000000 0.000000 0.000000
2 45 61 0.000000 0.000000 0.000000
1 45 1 0.000000 17.122266 0.000000
1 45 16 0.000000 17.122266 0.000000
1 45 17 0.000000 17.122266 0.000000
2 45 33 0.000000 17.122266 0.000000
2 45 48 0.000000 17.122266 0.000000
2 45 49 0.000000 17.122266 0.000000
1 46 10 0.000000 0.000000 0.000000
1 46 13 0.000000 0.000000 0.000000
1 46 14 0.000000 0.000000 0.000000
1 46 15 0.000000 0.000000 0.000000
1 46 29 0.000000 0.000000 0.000000
1 46 30 0.000000 0.000000 0.000000
2 46 42 0.000000 0.000000 0.000000
2 46 45 0.000000 0.000000 0.000000
2 46 47 0.000000 0.000000 0.000000
2 46 61 0.000000 0.000000 0.000000
2 46 62 0.000000 0.000000 0.000000
1 46 2 0.000000 17.122266 0.000000
1 46 17 0.000000 17.122266 0.000000
1 46 18 0.000000 17.122266 0.000000
2 46 34 0.000000 17.122266 0.000000
2 46 49 0.000000 17.122266 0.000000
2 46 50 0.000000 17.122266 0.000000
1 47 11 0.000000 0.000000 0.000000
1 47 14 0.000000 0.000000 0.000000
1 47 15 0.000000 0.000000 0.000000
1 47 30 0.000000 0.000000 0.000000
1 47 31 0.000000 0.000000 0.000000
2 47 43 0.000000 0.000000 0.000000
2 47 46 0.000000 0.000000 0.000000
2 47 62 0.000000 0.000000 0.000000
2 47 63 0.000000 0.000000 0.000000
1 47 3 0.000000 17.122266 0.000000
1 47 18 0.000000 17.122266 0.000000
1 47 19 0.000000 17.122266 0.000000
2 47 35 0.000000 17.122266 0.000000
2 47 50 0.000000 17.122266 0.000000
2 47 51 0.000000 17.122266 0.000000
1 47 12 15.907204 0.000000 0.000000
2 47 44 15.907204 0.000000 0.000000
1 48 19 -15.907204 0.000000 0.000000
2 48 51 -15.907204 0.000000 0.000000
1 48 12 0.000000 -17.122266 0.000000
1 48 13 0.000000 -17.122266 0.000000
1 48 28 0.000000 -17.122266 0.000000
2 48 44 0.000000 -17.122266 0.000000
2 48 45 0.000000 -17.122266 0.000000
2 48 60 0.000000 -17.122266 0.000000
1 48 0 0.000000 0.000000 0.000000
1 48 1 0.000000 0.000000 0.000000
1 48 16 0.000000 0.000000 0.000000
1 48 17 0.000000 0.000000 0.000000
1 48 20 0.000000 0.000000 0.000000
2 48 32 0.000000 0.000000 0.000000
2 48 33 0.000000 0.000000 0.000000
2 48 49 0.000000 0.000000 0.000000
2 48 52 0.000000 0.000000 0.000000
1 49 13 0.000000 -17.122266 0.000000
1 49 14 0.000000 -17.122266 0.000000
1 49 29 0.000000 -17.122266 0.000000
2 49 45 0.000000 -17.122266 0.000000
2 49 46 0.000000 -17.122266 0.000000
2 49 61 0.000000 -17.122266 0.000000
1 49 1 0.000000 0.000000 0.000000
1 49 2 0.000000 0.000000 0.000000
1 49 16 0.000000 0.000000 0.000000
1 49 17 0.000000 0.000000 0.000000
1 49 18 0.000000 0.000000 0.000000
1 49 21 0.000000 0.000000 0.000000
2 49 33 0.000000 0.000000 0.000000
2 49 34 0.000000 0.000000 0.000000
2 49 48 0.000000 0.000000 0.000000
2 49 50 0.000000 0.000000 0.000000
2 49 53 0.000000 0.000000 0.000000
1 50 14 0.000000 -17.122266 0.000000
1 50 15 0.000000 -17.122266 0.000000
1 50 30 0.000000 -17.122266 0.000000
2 50 46 0.000000 -17.122266 0.000000
2 50 47 0.000000 -17.122266 0.000000
2 50 62 0.000000 -17.122266 0.000000
1 50 2 0.000000 0.000000 0.000000
1 50 3 0.000000 0.000000 0.000000
1 50 17 0.000000 0.000000 0.000000
1 50 18 0.000000 0.000000 0.000000
1 50 19 0.000000 0.000000 0.000000
1 50 22 0.000000 0.000000 0.000000
2 50 34 0.000000 0.000000 0.000000
2 50 35 0.000000 0.000000 0.000000
2 50 49 0.000000 0.000000 0.000000
2 50 51 0.000000 0.000000 0.000000
2 50 54 0.000000 0.000000 0.000000
1 51 15 0.000000 -17.122266 0.000000
1 51 31 0.000000 -17.122266 0.000000
2 51 47 0.000000 -17.122266 0.000000
2 51 63 0.000000 -17.122266 0.000000
1 51 3 0.000000 0.000000 0.000000
1 51 18 0.000000 0.000000 0.000000
1 51 19 0.000000 0.000000 0.000000
1 51 23 0.000000 0.000000 0.000000
2 51 35 0.000000 0.000000 0.000000
2 51 50 0.000000 0.000000 0.000000
2 51 55 0.000000 0.000000 0.000000
1 51 12 15.907204 -17.122266 0.000000
2 51 44 15.907204 -17.122266 0.000000
1 51 0 15.907204 0.000000 0.000000
1 51 16 15.907204 0.000000 0.000000
2 51 32 15.907204 0.000000 0.000000
2 51 48 15.907204 0.000000 0.000000
1 52 23 -15.907204 0.000000 0.000000
2 52 55 -15.907204 0.000000 0.000000
1 52 0 0.000000 0.000000 0.000000
1 52 1 0.000000 0.000000 0.000000
1 52 4 0.000000 0.000000 0.000000
1 52 5 0.000000 0.000000 0.000000
1 52 16 0.000000 0.000000 0.000000
1 52 20 0.000000 0.000000 0.000000
1 52 21 0.000000 0.000000 0.000000
1 52 24 0.000000 0.000000 0.000000
2 52 32 0.000000 0.000000 0.000000
2 52 33 0.000000 0.000000 0.000000
2 52 36 0.000000 0.000000 0.000000
2 52 37 0.000000 0.000000 0.000000
2 52 48 0.000000 0.000000 0.000000
2 52 53 0.000000 0.000000 0.000000
2 52 56 0.000000 0.000000 0.000000
1 53 1 0.000000 0.000000 0.000000
1 53 2 0.000000 0.000000 0.000000
1 53 5 0.000000 0.000000 0.000000
1 53 6 0.000000 0.000000 0.000000
1 53 17 0.000000 0.000000 0.000000
1 53 20 0.000000 0.000000 0.000000
1 53 21 0.000000 0.000000 0.000000
1 53 22 0.000000 0.000000 0.000000
1 53 25 0.000000 0.000000 0.000000
2 53 33 0.000000 0.000000 0.000000
2 53 34 0.000000 0.000000 0.000000
2 53 37 0.000000 0.000000 0.000000
2 53 38 0.000000 0.000000 0.000000
2 53 49 0.000000 0.000000 0.000000
2 53 52 0.000000 0.000000 0.000000
2 53 54 0.000000 0.000000 0.000000
2 53 57 0.000000 0.000000 0.000000
1 54 2 0.000000 0.000000 0.000000
1 54 3 0.000000 0.000000 0.000000
1 54 6 0.000000 0.000000 0.000000
1 54 7 0.000000 0.000000 0.000000
1 54 18 0.000000 0.000000 0.000000
1 54 21 0.000000 0.000000 0.000000
1 54 22 0.000000 0.000000 0.000000
1 54 23 0.000000 0.000000 0.000000
1 54 26 0.000000 0.000000 0.000000
2 54 34 0.000000 0.000000 0.000000
2 54 35 0.000000 0.000000 0.000000
2 54 38 0.000000 0.000000 0.000000
2 54 39 0.000000 0.000000 0.000000
2 54 50 0.000000 0.000000 0.000000
2 54 53 0.000000 0.000000 0.000000
2 54 55 0.000000 0.000000 0.000000
2 54 58 0.000000 0.000000 0.000000
1 55 3 0.000000 0.000000 0.000000
1 55 7 0.000000 0.000000 0.000000
1 55 19 0.000000 0.000000 0.000000
1 55 22 0.000000 0.000000 0.000000
1 55 23 0.000000 0.000000 0.000000
1 55 27 0.000000 0.000000 0.000000
2 55 35 0.000000 0.000000 0.000000
2 55 39 0.000000 0.000000 0.000000
2 55 51 0.000000 0.000000 0.000000
2 55 54 0.000000 0.000000 0.000000
2 55 59 0.000000 0.000000 0.000000
1 55 0 15.907204 0.000000 0.000000
1 55 4 15.907204 0.000000 0.000000
1 55 20 15.907204 0.000000 0.000000
2 55 32 15.907204 0.000000 0.000000
2 55 36 15.907204 0.000000 0.000000
2 55 52 15.907204 0.000000 0.000000
1 56 27 -15.907204 0.000000 0.000000
2 56 59 -15.907204 0.000000 0.000000
1 56 4 0.000000 0.000000 0.000000
1 56 5 0.000000 0.000000 0.000000
1 56 8 0.000000 0.000000 0.000000
1 56 9 0.000000 0.000000 0.000000
1 56 20 0.000000 0.000000 0.000000
1 56 24 0.000000 0.000000 0.000000
1 56 25 0.000000 0.000000 0.000000
1 56 28 0.000000 0.000000 0.000000
2 56 36 0.000000 0.000000 0.000000
2 56 37 0.000000 0.000000 0.000000
2 56 40 0.000000 0.000000 0.000000
2 56 41 0.000000 0.000000 0.000000
2 56 52 0.000000 0.000000 0.000000
2 56 57 0.000000 0.000000 0.000000
2 56 60 0.000000 0.000000 0.000000
1 57 5 0.000000 0.000000 0.000000
1 57 6 0.000000 0.000000 0.000000
1 57 9 0.000000 0.000000 0.000000
1 57 10 0.000000 0.000000 0.000000
1 57 21 0.000000 0.000000 0.000000
1 57 24 0.000000 0.000000 0.000000
1 57 25 0.000000 0.000000 0.000000
1 57 26 0.000000 0.000000 0.000000
1 57 29 0.000000 0.000000 0.000000
2 57 37 0.000000 0.000000 0.000000
2 57 38 0.000000 0.000000 0.000000
2 57 41 0.000000 0.000000 0.000000
2 57 42 0.000000 0.000000 0.000000
2 57 53 0.000000 0.000000 0.000000
2 57 56 0.000000 0.000000 0.000000
2 57 58 0.000000 0.000000 0.000000
2 57 61 0.000000 0.000000 0.000000
1 58 6 0.000000 0.000000 0.000000
1 58 7 0.000000 0.000000 0.000000
1 58 10 0.000000 0.000000 0.000000
1 58 11 0.000000 0.000000 0.000000
1 58 22 0.000000 0.000000 0.000000
1 58 25 0.000000 0.000000 0.000000
1 58 26 0.000000 0.000000 0.000000
1 58 27 0.000000 0.000000 0.000000
1 58 30 0.000000 0.000000 0.000000
2 58 38 0.000000 0.000000 0.000000
2 58 39 0.000000 0.000000 0.000000
2 58 42 0.000000 0.000000 0.000000
2 58 43 0.000000 0.000000 0.000000
2 58 54 0.000000 0.000000 0.000000
2 58 57 0.000000 0.000000 0.000000
2 58 59 0.000000 0.000000 0.000000
2 58 62 0.000000 0.000000 0.000000
1 59 7 0.000000 0.000000 0.000000
1 59 11 0.000000 0.000000 0.000000
1 59 23 0.000000 0.000000 0.000000
1 59 26 0.000000 0.000000 0.000000
1 59 27 0.000000 0.000000 0.000000
2 59 39 0.000000 0.000000 0.000000
2 59 43 0.000000 0.000000 0.000000
2 59 55 0.000000 0.000000 0.000000
2 59 58 0.000000 0.000000 0.000000
2 59 63 0.000000 0.000000 0.000000
1 59 4 15.907204 0.000000 0.000000
1 59 8 15.907204 0.000000 0.000000
1 59 24 15.907204 0.000000 0.000000
2 59 36 15.907204 0.000000 0.000000
2 59 40 15.907204 0.000000 0.000000
2 59 56 15.907204 0.000000 0.000000
1 60 31 -15.907204 0.000000 0.000000
2 60 63 -15.907204 0.000000 0.000000
1 60 8 0.000000 0.000000 0.000000
1 60 9 0.000000 0.000000 0.000000
1 60 12 0.000000 0.000000 0.000000
1 60 13 0.000000 0.000000 0.000000
1 60 24 0.000000 0.000000 0.000000
1 60 28 0.000000 0.000000 0.000000
1 60 29 0.000000 0.000000 0.000000
2 60 40 0.000000 0.000000 0.000000
2 60 41 0.000000 0.000000 0.000000
2 60 44 0.000000 0.000000 0.000000
2 60 45 0.000000 0.000000 0.000000
2 60 56 0.000000 0.000000 0.000000
2 60 61 0.000000 0.000000 0.000000
1 60 16 0.000000 17.122266 0.000000
2 60 48 0.000000 17.122266 0.000000
1 61 9 0.000000 0.000000 0.000000
1 61 10 0.000000 0.000000 0.000000
1 61 13 0.000000 0.000000 0.000000
1 61 14 0.000000 0.000000 0.000000
1 61 25 0.000000 0.000000 0.000000
1 61 28 0.000000 0.000000 0.000000
1 61 29 0.000000 0.000000 0.000000
1 61 30 0.000000 0.000000 0.000000
2 61 41 0.000000 0.000000 0.000000
2 61 42 0.000000 0.000000 0.000000
2 61 45 0.000000 0.000000 0.000000
2 61 46 0.000000 0.000000 0.000000
2 61 57 0.000000 0.000000 0.000000
2 61 60 0.000000 0.000000 0.000000
2 61 62 0.000000 0.000000 0.000000
2 61 49 0.000000 17.122266 0.000000
1 62 10 0.000000 0.000000 0.000000
1 62 11 0.000000 0.000000 0.000000
1 62 14 0.000000 0.000000 0.000000
1 62 15 0.000000 0.000000 0.000000
1 62 26 0.000000 0.000000 0.000000
1 62 29 0.000000 0.000000 0.000000
1 62 30 0.000000 0.000000 0.000000
1 62 31 0.000000 0.000000 0.000000
2 62 42 0.000000 0.000000 0.000000
2 62 43 0.000000 0.000000 0.000000
2 62 46 0.000000 0.000000 0.000000
2 62 47 0.000000 0.000000 0.000000
2 62 58 0.000000 0.000000 0.000000
2 62 61 0.000000 0.000000 0.000000
2 62 63 0.000000 0.000000 0.000000
1 62 18 0.000000 17.122266 0.000000
2 62 50 0.000000 17.122266 0.000000
1 63 11 0.000000 0.000000 0.000000
1 63 15 0.000000 0.000000 0.000000
1 63 27 0.000000 0.000000 0.000000
1 63 30 0.000000 0.000000 0.000000
1 63 31 0.000000 0.000000 0.000000
2 63 43 0.000000 0.000000 0.000000
2 63 47 0.000000 0.000000 0.000000
2 63 59 0.000000 0.000000 0.000000
2 63 62 0.000000 0.000000 0.000000
1 63 19 0.000000 17.122266 0.000000
2 63 51 0.000000 17.122266 0.000000
1 63 8 15.907204 0.000000 0.000000
1 63 12 15.907204 0.000000 0.000000
1 63 28 15.907204 0.000000 0.000000
2 63 40 15.907204 0.000000 0.000000
2 63 44 15.907204 0.000000 0.000000
2 63 60 15.907204 0.000000 0.000000
